Webots Project File version R2023b
perspectives: 000000ff00000000fd00000003000000000000017500000482fc0100000002fb0000001e00480074006d006c0052006f0062006f007400570069006e0064006f00770100000000000001750000000000000000fb0000001a0044006f00630075006d0065006e0074006100740069006f006e0000000000ffffffff000000000000000000000001000001a500000327fc0200000001fb0000001400540065007800740045006400690074006f00720000000017000003270000004500ffffff00000003000005a00000013ffc0100000003fb0000000e0043006f006e0073006f006c0065010000017b000005c40000000000000000fb000000220052006f0062006f0074003a002000730075007000650072007600690073006f0072010000045a000003260000000000000000fb0000001a0043006f006e0073006f006c00650041006c006c0041006c006c0100000000000005a00000008700ffffff000005a0000001f300000001000000020000000100000008fc00000000
simulationViewPerspectives: 000000ff0000000100000002000000fc000004a20100000002010000000100
sceneTreePerspectives: 000000ff00000001000000030000001e000001b6000000fa0100000002010000000200
maximizedDockId: -1
centralWidgetVisible: 1
userInteractions: 3dContextMenuDisabled::objectMoveDisabled::forceAndTorqueDisabled
orthographicViewHeight: 1
textFiles: -1
consoles: Console:All:All
renderingDevicePerspectives: NAO:CameraBottom;0;0.63125;0;0
renderingDevicePerspectives: NAO:CameraTop;0;0.63125;0;0.726232
